#AFS File: FITTING MODEL INFORMATION
#AFS Library Version: 3.00

GLOBAL CONVERGENCE : 1
FIT TYPE : 5
DATA TYPE : 2
MAXIMUM DERIVATIVE ORDER : 0
MAXIMUM BLOCK SIZE : 24

MINIMUM FREQUENCY SPACING : 1.200000e+001

NUMBER OF DATA ROWS : 1
NUMBER OF DATA COLUMNS : -1

NUMBER OF FREQUENCY BLOCKS : 1

- FREQUENCY BLOCK 1
 blackout : 0
 convergence : 1
 frequency block : 5.000000e+008 (0) - 1.200000e+009 (7)
 normalization factor : 7.745967e+008

 - BEST RATIONAL FIT: S[1,1] 
  convergence : 1
  numerator/denominator : 7 / 8
SER Version: 1.00
SER Model: S

FREQUENCY
 MIN : 5.00000000000000e+008 
 MAX : 1.20000000000000e+009
 SCALE : 7.74596669241483e+008
NR_OF_ELEMENTS : 1
 ELEMENT[0] : 1
NR_OF_PORTS : 1
 PORT[1] : 5.00000000000000e+001 +i 0.00000000000000e+000
NR_OF_POLESETS : 1
 ZEROS_POLES[0] : 7 / 8
STATE_EQUATIONS
 SER_A[0][0] : -2.4729484673942426e+000 +i 0.0000000000000000e+000 (0)
 SER_A[0][1] : -4.4639867765820163e+001 +i 0.0000000000000000e+000 (0)
 SER_A[0][2] : 3.7174108646993487e+000 +i 6.4238096542453675e+000 (1)
 SER_A[0][3] : 3.7174108646993487e+000 +i -6.4238096542453675e+000 (2)
 SER_A[0][4] : -5.5079506596764216e-001 +i 7.5298865584499204e+000 (1)
 SER_A[0][5] : -5.5079506596764216e-001 +i -7.5298865584499204e+000 (2)
 SER_A[0][6] : -5.1279927963278764e+000 +i 1.8504890380621386e+001 (1)
 SER_A[0][7] : -5.1279927963278764e+000 +i -1.8504890380621386e+001 (2)
 SER_C[0][0] : -5.7235660530135810e+000 +i 0.0000000000000000e+000
 SER_C[0][1] : 4.7990215475034425e+001 +i 0.0000000000000000e+000
 SER_C[0][2] : 4.5582778427544213e-004 +i 1.0768302720363943e-003
 SER_C[0][3] : 4.5582778427544213e-004 +i -1.0768302720363943e-003
 SER_C[0][4] : -8.2380414821704373e-001 +i -3.7863577999451414e-001
 SER_C[0][5] : -8.2380414821704373e-001 +i 3.7863577999451414e-001
 SER_C[0][6] : -1.6739517014028673e+000 +i -2.0962164661057798e+000
 SER_C[0][7] : -1.6739517014028673e+000 +i 2.0962164661057798e+000
 SER_D[0] : 0.0000000000000000e+000
 SER_E[0] : 0.0000000000000000e+000
CONVERGENCE : 0
 ERROR[0] : 6.3776423831344390e-015


