#AFS File: FITTING MODEL INFORMATION
#AFS Library Version: 3.00

GLOBAL CONVERGENCE : 1
FIT TYPE : 5
DATA TYPE : 2
MAXIMUM DERIVATIVE ORDER : 0
MAXIMUM BLOCK SIZE : 24

MINIMUM FREQUENCY SPACING : 2.400000e+001

NUMBER OF DATA ROWS : 1
NUMBER OF DATA COLUMNS : -1

NUMBER OF FREQUENCY BLOCKS : 1

- FREQUENCY BLOCK 1
 blackout : 0
 convergence : 1
 frequency block : 5.000000e+008 (0) - 2.400000e+009 (15)
 normalization factor : 1.095445e+009

 - BEST RATIONAL FIT: S[1,1] 
  convergence : 1
  numerator/denominator : 16 / 15
SER Version: 1.00
SER Model: S

FREQUENCY
 MIN : 5.00000000000000e+008 
 MAX : 2.40000000000000e+009
 SCALE : 1.09544511501033e+009
NR_OF_ELEMENTS : 1
 ELEMENT[0] : 1
NR_OF_PORTS : 1
 PORT[1] : 5.00000000000000e+001 +i 0.00000000000000e+000
NR_OF_POLESETS : 1
 ZEROS_POLES[0] : 16 / 15
STATE_EQUATIONS
 SER_A[0][0] : -3.3540604920966707e+001 +i 0.0000000000000000e+000 (0)
 SER_A[0][1] : 1.7394876753147204e+000 +i 2.8326560395258245e+000 (1)
 SER_A[0][2] : 1.7394876753147204e+000 +i -2.8326560395258245e+000 (2)
 SER_A[0][3] : -3.3504996475163762e-001 +i 3.3989784470815030e+000 (1)
 SER_A[0][4] : -3.3504996475163762e-001 +i -3.3989784470815030e+000 (2)
 SER_A[0][5] : -3.9022184599218468e-001 +i 6.1413201238193809e+000 (1)
 SER_A[0][6] : -3.9022184599218468e-001 +i -6.1413201238193809e+000 (2)
 SER_A[0][7] : -4.9672542108807916e-001 +i 7.8610345543408053e+000 (1)
 SER_A[0][8] : -4.9672542108807916e-001 +i -7.8610345543408053e+000 (2)
 SER_A[0][9] : -1.4597936965103804e+000 +i 9.7230097751208984e+000 (1)
 SER_A[0][10] : -1.4597936965103804e+000 +i -9.7230097751208984e+000 (2)
 SER_A[0][11] : -1.9035940216240106e+000 +i 1.1580487331895172e+001 (1)
 SER_A[0][12] : -1.9035940216240106e+000 +i -1.1580487331895172e+001 (2)
 SER_A[0][13] : -1.6343468042145930e+000 +i 1.5361424650542348e+001 (1)
 SER_A[0][14] : -1.6343468042145930e+000 +i -1.5361424650542348e+001 (2)
 SER_C[0][0] : 5.3952706539475813e+001 +i 0.0000000000000000e+000
 SER_C[0][1] : 2.6791285940463982e-005 +i 3.3568166668662691e-004
 SER_C[0][2] : 2.6791285940463982e-005 +i -3.3568166668662691e-004
 SER_C[0][3] : -5.3245635380123013e-001 +i 1.5326215558443873e-001
 SER_C[0][4] : -5.3245635380123013e-001 +i -1.5326215558443873e-001
 SER_C[0][5] : -6.2379255535567280e-001 +i 1.2747472582278133e-001
 SER_C[0][6] : -6.2379255535567280e-001 +i -1.2747472582278133e-001
 SER_C[0][7] : -4.8617860197868118e-001 +i -2.8426379700713567e-001
 SER_C[0][8] : -4.8617860197868118e-001 +i 2.8426379700713567e-001
 SER_C[0][9] : 3.1089542447355678e-001 +i -1.9098624046974261e-001
 SER_C[0][10] : 3.1089542447355678e-001 +i 1.9098624046974261e-001
 SER_C[0][11] : -5.6211298803674237e-001 +i 2.3550482542175308e-001
 SER_C[0][12] : -5.6211298803674237e-001 +i -2.3550482542175308e-001
 SER_C[0][13] : -1.3192973630324611e+000 +i -1.0897305990718376e-001
 SER_C[0][14] : -1.3192973630324611e+000 +i 1.0897305990718376e-001
 SER_D[0] : -4.8911734312987010e-001
 SER_E[0] : 6.1551468738637854e-003
CONVERGENCE : 0
 ERROR[0] : 2.7846931931241828e-015


